922
2682
2599
3330
874
2952
3183
1026
1640
3890
1761
779
910
2998
3457
772
1186
524
1544
3906
3227
372
1414
1911
3847
61
2809
76
3636
2481
2281
1205
1001
729
1110
476
2182
3796
1733
3264
461
1694
2884
4048
539
1390
568
3556
35
839
3272
3522
779
455
1773
2992
560
1061
264
780
287
1070
1240
1488
2828
1911
3971
2063
1887
516
3313
2662
3185
3364
2897
3912
2916
2220
476
3139
1973
216
3020
14
1706
1962
2207
3330
218
2744
2289
3028
37
2467
3890
1464
1072
2830
939
2927
1540
772
1320
2080
3160
575
1071
620
372
1377
2423
2044
448
986
3044
76
3981
667
419
2644
2896
4004
729
1301
2077
3234
446
3397
2839
3264
627
1385
3757
318
3330
621
1390
566
890
1026
1741
508
3227
1801
779
625
3438
3510
3081
772
1172
1096
795
71
3906
3475
1541
3346
3123
1911
4064
3584
3949
1992
76
4038
2342
3172
1866
1205
637
587
1618
688
476
2320
3579
1307
1582
3264
825
2730
1962
2599
3536
563
1707
2952
3270
3908
38
1640
4083
614
3603
779
824
3771
2925
3457
816
1092
2594
524
1632
2303
1068
3227
279
1109
2151
1911
4080
1792
986
2809
4
3310
841
2481
2190
2372
2899
1001
557
2372
1377
476
2184
1774
3398
1733
3276
57
3285
670
2708
1274
3330
795
1374
3619
397
3716
38
820
1980
3226
3522
1584
2873
3189
3821
2939
38
772
1189
272
2097
2241
495
1068
3661
2181
3350
2828
3703
2039
2104
15
1717
3872
76
3697
2638
1734
797
660
2899
2548
2379
1616
2220
797
3212
1079
1973
429
2233
3264
910
1705
2682
2600
2548
3330
845
2734
2952
3185
3024
1026
1625
2620
3890
1755
2124
779
910
942
2998
3510
76
772
1170
2184
524
1560
573
3906
3250
1733
372
1430
413
1911
3900
448
61
2795
3649
76
3640
3366
2481
2275
2642
1205
975
2635
729
1105
1415
476
2210
443
3796
1755
371
3264
903
852
3742
2701
318
2256
566
1749
1838
561
3639
2564
38
1741
487
3273
2999
152
779
903
471
1773
2918
3081
2096
1098
2372
1032
792
772
1967
1068
2451
1580
1489
1580
827
1911
3870
224
1039
1725
1992
516
3299
3177
870
3171
3188
2644
2899
3709
600
2917
290
2830
476
2193
221
2997
435
1582
1740
57
922
2682
1962
674
2000
3330
867
1707
2232
2246
3183
1028
38
1638
2291
3890
1766
3603
48
2872
910
3003
2925
2264
304
772
1188
2594
32
3168
1544
3919
1068
2505
2839
372
1413
2151
1911
2032
3847
48
986
4015
2308
76
3646
841
2971
398
2281
1204
2899
3646
2349
729
1108
1377
3357
3208
2182
3806
3398
3180
1484
3264
921
3285
1001
3752
2372
4000
3330
873
2901
3182
561
2957
3712
1026
1643
839
2492
3227
2268
609
779
905
3189
3502
3510
432
608
772
1186
1297
72
792
705
488
3906
3230
1240
2949
3350
176
3310
1911
3847
2104
448
3947
3935
521
76
3639
420
3494
3171
2845
662
1205
1001
3913
1739
1617
1162
3131
476
2180
1079
1723
1307
216
2968
3264
920
3690
2538
1962
616
2548
208
566
2266
2786
2952
3183
445
4
38
1689
2620
3315
622
440
1218
779
908
3642
3803
2925
2102
76
304
1098
296
2179
524
1545
2083
3343
1068
2482
1733
3351
1112
1377
2525
1911
3847
3100
240
986
4011
3649
772
3299
1933
620
2481
2282
933
724
2899
3727
2635
1581
2373
1301
2167
476
2182
539
2910
3398
3163
371
204
57
2675
1359
1694
2697
3347
3713
3330
874
1749
1810
3619
446
890
20
38
1676
3358
1660
3227
2103
152
1328
2872
3697
3446
3821
2912
1728
2434
772
1186
2372
1048
2097
2083
71
2591
1068
2489
866
3717
3350
428
827
2935
2032
2016
3591
2063
1726
1404
2086
76
3637
3177
866
1734
932
1866
1444
2899
3719
3365
2827
1617
1442
2830
3613
3208
1808
3546
2997
433
866
3680
3264
922
922
2682
2682
2599
2599
3330
3330
874
874
2952
2952
3183
3183
1026
1026
1640
1640
3890
3890
1761
1761
779
779
910
910
2998
2998
3457
3457
772
772
1186
1186
524
524
1544
1544
3906
3906
3227
3227
372
372
1414
1414
1911
1911
3847
3847
61
61
2809
2809
76
76
3636
3636
2481
2481
2281
2281
1205
1205
1001
1001
729
729
1110
1110
476
476
2182
2182
3796
3796
1733
1733
3264
3264
922
1341
649
4000
1078
2652
1073
3048
70
1671
2449
2950
1559
910
1499
864
1632
2122
528
1560
542
2124
2488
2977
1560
3823
3847
2078
3774
1545
2275
1101
2275
2665
1715
3737
1741
344
952
2182
1898
433
1944
57
2729
3754
639
1034
874
2786
198
4048
166
1667
3274
1761
1218
3896
3758
3501
2068
3088
1186
2179
96
2109
172
2492
1488
1414
2525
4080
1984
3930
3988
304
3636
620
1422
2386
3411
3732
2917
1110
2167
136
1723
1286
3159
768
922
1359
1192
2558
2066
874
1393
49
3066
18
1640
486
1179
2121
2139
910
3446
3510
73
2084
1186
1089
2328
519
2578
3227
1582
2326
435
3007
3847
3591
2923
3656
612
3636
2358
611
2634
1453
1001
603
593
1456
3812
2182
3546
2331
366
1536
922
2727
2730
631
3330
566
2731
2184
3183
3904
550
1672
3890
622
275
187
910
3771
1645
2065
772
1098
546
204
1544
2292
556
2491
372
1112
1639
1911
3847
1795
3546
3993
76
3299
1097
2833
2281
2379
1363
3737
729
2373
1633
3532
2182
1773
1094
3157
3264
57
2773
982
2697
3322
66
874
1372
1059
445
3712
1062
1668
1945
1179
2114
1558
2872
3701
3509
2912
1062
132
1186
272
1585
2081
488
1068
2493
2234
1302
396
3823
2032
1848
495
1726
1824
2444
3636
2637
2246
933
662
2899
3732
2412
3665
1452
953
3208
1591
1701
433
1209
2048
922
1705
3770
2599
2548
130
874
2734
520
3183
3024
130
1640
2620
3250
1761
2124
715
910
942
3510
3457
76
260
1186
2184
780
1544
573
130
3227
1733
3380
1414
413
3575
3847
448
3965
2809
3649
780
3636
3366
3185
2281
2642
3445
1001
2635
1625
1110
1415
1820
2182
443
1300
1733
371
0
922
852
3934
2697
3390
2064
566
2773
1808
561
3063
2561
38
1677
486
1225
2951
152
1419
910
471
1741
2912
1033
2080
1098
580
1048
792
516
1953
1068
2483
1582
2513
1560
827
3063
3847
224
1967
1726
1992
612
3299
1129
866
3171
2676
2650
2899
3741
603
869
346
2830
3676
2182
221
2709
433
1582
1540
57
2714
2682
1962
626
2000
514
874
1707
2184
2246
3951
1026
38
1670
2291
562
1761
3603
176
2872
3726
2998
2925
2072
304
1028
1186
2594
192
3168
2056
3906
1068
2489
2839
1140
1414
2151
1911
2032
1799
61
986
3999
2308
3148
3636
841
2843
398
2537
1205
2899
3742
2349
2521
1110
1377
3533
3208
1670
3796
3398
3164
1484
192
922
3285
977
3752
2500
4000
1282
874
2901
3142
561
3021
3712
1026
1640
839
2452
3227
2140
609
1803
910
3189
3510
3510
112
608
2308
1186
1297
96
792
513
488
1346
3227
1240
2981
3350
432
3310
3959
3847
2104
488
3947
3679
521
2124
3636
420
3470
3171
2653
662
2741
1001
3913
1739
1617
1418
3131
2524
2182
1079
1699
1307
344
2968
192
922
3690
2538
1962
632
2548
144
566
2778
2786
904
3183
445
8
38
1673
2620
3251
622
440
1218
3851
910
3642
3803
2925
2070
76
304
1098
552
2179
524
1544
2083
3339
1068
2482
1733
3351
1112
1633
2525
3959
3847
3100
244
986
3995
3649
772
3299
1165
620
1457
2281
933
724
2899
3743
2635
1645
2373
1557
2167
476
2182
539
2898
3398
3163
371
12
57
2675
1359
1182
2697
3347
3713
1282
874
1749
1808
3619
446
890
20
38
1676
3358
1628
3227
2167
152
1456
2872
3697
3446
3309
2912
1728
2434
772
1186
2372
1048
2097
2083
71
2583
1068
2489
866
3717
3350
428
827
3063
2032
2016
3591
2575
1726
1404
2086
76
3636
3177
866
1734
932
1866
1452
2899
3735
3365
2859
1617
1442
2830
3613
3208
1552
3546
2485
433
1890
3680
1216
922
922
2682
2682
2599
2599
3330
3330
874
874
2952
2952
3183
3183
1026
1026
1640
1640
3890
3890
1761
1761
779
779
910
910
2998
2998
3457
3457
772
772
1186
1186
524
524
1544
1544
3906
3906
3227
3227
372
372
1414
1414
1911
1911
3847
3847
61
61
2809
2809
76
76
3636
3636
2481
2481
2281
2281
1205
1205
1001
1001
729
729
1110
1110
476
476
2182
2182
3796
3796
1733
1733
3264
3264
624
3683
2475
1257
3751
2740
1673
2599
3491
1037
34
1741
2614
2743
738
2952
3471
444
1780
2064
64
620
3482
1640
4071
3279
806
3547
2158
294
194
779
624
3635
2283
1902
3515
1755
864
3457
608
3091
68
2386
2122
548
131
524
1729
2086
143
3773
244
729
806
3227
44
1489
1860
2838
344
1646
3549
1911
4067
3103
112
64
3843
3509
3774
2809
8
304
1231
3192
3555
1171
1644
2481
2334
936
3732
2386
3403
1319
3322
1001
600
2914
3476
2193
1349
1539
2167
476
2322
536
2159
3515
1517
1133
2481
1733
3483
780
3072
